{
    "w": 3840,
    "h": 2160,
    "fl_x": 1679.1790739159749,
    "fl_y": 1679.1418119674336,
    "cx": 1918.7765465046946,
    "cy": 1081.6956430661778,
    "k1": 0.00021035489114017549,
    "k2": -3.6741363543668117e-05,
    "p1": -0.00022264171412555558,
    "p2": 0.0003240698603306581,
    "camera_model": "OPENCV",
    "frames": [
        {
            "file_path": "images/frame_00307.png",
            "transform_matrix": [
                [
                    0.569472502326609,
                    0.2331207196486633,
                    -0.7882612505789942,
                    -2.826579626319101
                ],
                [
                    -0.8199453575957613,
                    0.09316611297370896,
                    -0.564809424452646,
                    -1.8242323031201737
                ],
                [
                    -0.058229542768508454,
                    0.9679745892655754,
                    0.244201791322486,
                    -0.7721675645060861
                ],
                [
                    0.0,
                    0.0,
                    0.0,
                    1.0
                ]
            ],
            "colmap_im_id": 307
        },
        {
            "file_path": "images/frame_00306.png",
            "transform_matrix": [
                [
                    0.5750575479057851,
                    0.24108851701235948,
                    -0.7817833098508606,
                    -2.8744529949396536
                ],
                [
                    -0.8163593128347719,
                    0.10656510118886736,
                    -0.567627828384537,
                    -1.777547757318588
                ],
                [
                    -0.05353773383814956,
                    0.9646347527294398,
                    0.2580959218625659,
                    -0.7792995603775952
                ],
                [
                    0.0,
                    0.0,
                    0.0,
                    1.0
                ]
            ],
            "colmap_im_id": 306
        },
        {
            "file_path": "images/frame_00305.png",
            "transform_matrix": [
                [
                    0.5765917486637311,
                    0.2549873069837036,
                    -0.7762238263865001,
                    -2.9293195959894764
                ],
                [
                    -0.8160788126115266,
                    0.13385034215492353,
                    -0.5622272294291433,
                    -1.718480753967058
                ],
                [
                    -0.039462982394409145,
                    0.9576353999211852,
                    0.2852667415566178,
                    -0.6748559529127827
                ],
                [
                    0.0,
                    0.0,
                    0.0,
                    1.0
                ]
            ],
            "colmap_im_id": 305
        },
        {
            "file_path": "images/frame_00304.png",
            "transform_matrix": [
                [
                    0.5791734128543957,
                    0.2698245381439612,
                    -0.7692547539391547,
                    -2.9027488840929867
                ],
                [
                    -0.8146437424666525,
                    0.1565786154927127,
                    -0.5584252054038317,
                    -1.6806544630563032
                ],
                [
                    -0.030227978803055326,
                    0.9500936036969111,
                    0.31049704267786316,
                    -0.5359398188587218
                ],
                [
                    0.0,
                    0.0,
                    0.0,
                    1.0
                ]
            ],
            "colmap_im_id": 304
        },
        {
            "file_path": "images/frame_00303.png",
            "transform_matrix": [
                [
                    0.5761999005343417,
                    0.2746913687967004,
                    -0.7697651112727895,
                    -2.6480974617864925
                ],
                [
                    -0.8169760689225993,
                    0.1667058523909107,
                    -0.5520500535154363,
                    -1.5663565246172646
                ],
                [
                    -0.02331903582893233,
                    0.9469708605269832,
                    0.32047217021263175,
                    -0.2745815658128703
                ],
                [
                    0.0,
                    0.0,
                    0.0,
                    1.0
                ]
            ],
            "colmap_im_id": 303
        },
        {
            "file_path": "images/frame_00302.png",
            "transform_matrix": [
                [
                    0.5798734214142053,
                    0.2700271906990109,
                    -0.7686560553463322,
                    -2.5726163348015634
                ],
                [
                    -0.814261106003195,
                    0.16089281295040475,
                    -0.5577565364846562,
                    -1.5359778376636395
                ],
                [
                    -0.02693819570492872,
                    0.9493149208898521,
                    0.3131701048760192,
                    -0.1334375407308857
                ],
                [
                    0.0,
                    0.0,
                    0.0,
                    1.0
                ]
            ],
            "colmap_im_id": 302
        },
        {
            "file_path": "images/frame_00301.png",
            "transform_matrix": [
                [
                    0.5682594468152695,
                    0.2944431005528281,
                    -0.768364797242847,
                    -2.479411036617664
                ],
                [
                    -0.8223439310947939,
                    0.1704908436886659,
                    -0.5428474290349802,
                    -1.578149944474381
                ],
                [
                    -0.028838517589587224,
                    0.9403383076080459,
                    0.33901652931394216,
                    0.04256310840439637
                ],
                [
                    0.0,
                    0.0,
                    0.0,
                    1.0
                ]
            ],
            "colmap_im_id": 301
        },
        {
            "file_path": "images/frame_00300.png",
            "transform_matrix": [
                [
                    0.5190155944942094,
                    0.3544241881901421,
                    -0.7778215139076453,
                    -2.4423770839582932
                ],
                [
                    -0.8538533233981128,
                    0.17296574255716962,
                    -0.4909351831185506,
                    -1.3995887470860855
                ],
                [
                    -0.03946282800079335,
                    0.9189485005849926,
                    0.39239818867927273,
                    0.16533665610873008
                ],
                [
                    0.0,
                    0.0,
                    0.0,
                    1.0
                ]
            ],
            "colmap_im_id": 300
        },
        {
            "file_path": "images/frame_00298.png",
            "transform_matrix": [
                [
                    0.4275118799229621,
                    0.4244931468827711,
                    -0.7981473302431679,
                    -2.483425314699492
                ],
                [
                    -0.9009657821367005,
                    0.12767743859897507,
                    -0.4146795522950321,
                    -1.0126690526369324
                ],
                [
                    -0.07412322135159889,
                    0.8963838686201169,
                    0.4370374218921017,
                    0.31884726245428274
                ],
                [
                    0.0,
                    0.0,
                    0.0,
                    1.0
                ]
            ],
            "colmap_im_id": 299
        },
        {
            "file_path": "images/frame_00299.png",
            "transform_matrix": [
                [
                    0.4595572900946115,
                    0.4036381599329356,
                    -0.7911278866067425,
                    -2.4450462772802934
                ],
                [
                    -0.8863585873838158,
                    0.1519171117183495,
                    -0.43736671768450913,
                    -1.068620711475929
                ],
                [
                    -0.05635203360894465,
                    0.902218059569364,
                    0.42758276543264456,
                    0.28063710046311013
                ],
                [
                    0.0,
                    0.0,
                    0.0,
                    1.0
                ]
            ],
            "colmap_im_id": 298
        },
        {
            "file_path": "images/frame_00297.png",
            "transform_matrix": [
                [
                    0.42056153530937185,
                    0.42269876259005534,
                    -0.8027787684804948,
                    -2.591238930732465
                ],
                [
                    -0.90196590653124,
                    0.09931229871982737,
                    -0.4202315680410766,
                    -0.9826446181578942
                ],
                [
                    -0.09790555895097161,
                    0.900812313097362,
                    0.42302680541388626,
                    0.26269030598917764
                ],
                [
                    0.0,
                    0.0,
                    0.0,
                    1.0
                ]
            ],
            "colmap_im_id": 297
        },
        {
            "file_path": "images/frame_00296.png",
            "transform_matrix": [
                [
                    0.3743163586248857,
                    0.41687752551279905,
                    -0.8283117724553548,
                    -2.79538179142413
                ],
                [
                    -0.9199153469135262,
                    0.054423142692158186,
                    -0.3883218717153021,
                    -0.8283698483929066
                ],
                [
                    -0.11680333119724143,
                    0.9073319405056978,
                    0.40386350610001015,
                    0.1522952135983114
                ],
                [
                    0.0,
                    0.0,
                    0.0,
                    1.0
                ]
            ],
            "colmap_im_id": 296
        },
        {
            "file_path": "images/frame_00295.png",
            "transform_matrix": [
                [
                    0.29212438922772777,
                    0.40737577500275707,
                    -0.8652793301352055,
                    -3.044066297616683
                ],
                [
                    -0.9443822739055938,
                    -0.019990215256756073,
                    -0.3282415452481422,
                    -0.6215245766872413
                ],
                [
                    -0.15101477395018892,
                    0.9130418222813738,
                    0.37887883130874667,
                    -0.13179818893466352
                ],
                [
                    0.0,
                    0.0,
                    0.0,
                    1.0
                ]
            ],
            "colmap_im_id": 295
        },
        {
            "file_path": "images/frame_00294.png",
            "transform_matrix": [
                [
                    0.26804065119983966,
                    0.4175988812748355,
                    -0.8681966273041904,
                    -3.121843469507283
                ],
                [
                    -0.9444980650516654,
                    -0.06376661779761679,
                    -0.32226886844421093,
                    -0.6015138259204355
                ],
                [
                    -0.18994108143849583,
                    0.9063911919324119,
                    0.377329289572538,
                    -0.38336883796126986
                ],
                [
                    0.0,
                    0.0,
                    0.0,
                    1.0
                ]
            ],
            "colmap_im_id": 294
        },
        {
            "file_path": "images/frame_00293.png",
            "transform_matrix": [
                [
                    0.23652265355831784,
                    0.41035949661228976,
                    -0.8807168204899007,
                    -3.211218856313675
                ],
                [
                    -0.9492679195874189,
                    -0.0957382881742928,
                    -0.2995406433518326,
                    -0.5172018167906508
                ],
                [
                    -0.20723766838078847,
                    0.9068843717462354,
                    0.36689683166597414,
                    -0.5482443629626663
                ],
                [
                    0.0,
                    0.0,
                    0.0,
                    1.0
                ]
            ],
            "colmap_im_id": 293
        },
        {
            "file_path": "images/frame_00292.png",
            "transform_matrix": [
                [
                    0.1689264455296931,
                    0.3934188880031937,
                    -0.9037064980197023,
                    -3.320454141269252
                ],
                [
                    -0.9640229463003673,
                    -0.1249755272577484,
                    -0.23460792099374406,
                    -0.24965080466028397
                ],
                [
                    -0.2052403834703655,
                    0.9108252829983248,
                    0.3581531639452023,
                    -0.5460410037293859
                ],
                [
                    0.0,
                    0.0,
                    0.0,
                    1.0
                ]
            ],
            "colmap_im_id": 292
        },
        {
            "file_path": "images/frame_00291.png",
            "transform_matrix": [
                [
                    0.04633106471112931,
                    0.34201037224513253,
                    -0.9385533217241728,
                    -3.4718141749282734
                ],
                [
                    -0.9799806010029977,
                    -0.16655840414022835,
                    -0.10907025106812256,
                    0.034206353716274174
                ],
                [
                    -0.19362710063556715,
                    0.9248173891569115,
                    0.32744670194164077,
                    -0.5012769071547079
                ],
                [
                    0.0,
                    0.0,
                    0.0,
                    1.0
                ]
            ],
            "colmap_im_id": 291
        },
        {
            "file_path": "images/frame_00290.png",
            "transform_matrix": [
                [
                    -0.007650304260213993,
                    0.3166423518577239,
                    -0.9485141505822331,
                    -3.467859250923746
                ],
                [
                    -0.9834494900415114,
                    -0.1740934113195017,
                    -0.05018550261011037,
                    0.29964931302950976
                ],
                [
                    -0.18102091973530776,
                    0.9324318233228357,
                    0.31273362702631624,
                    -0.49465103239173547
                ],
                [
                    0.0,
                    0.0,
                    0.0,
                    1.0
                ]
            ],
            "colmap_im_id": 290
        },
        {
            "file_path": "images/frame_00289.png",
            "transform_matrix": [
                [
                    -0.08009819931400203,
                    0.29808147599095447,
                    -0.9511738601000914,
                    -3.4893360756593985
                ],
                [
                    -0.9848740139853871,
                    -0.17075534191544867,
                    0.029424306001155868,
                    0.7847843188751659
                ],
                [
                    -0.15364717713959425,
                    0.9391432515215089,
                    0.3072498951645743,
                    -0.44880773470516466
                ],
                [
                    0.0,
                    0.0,
                    0.0,
                    1.0
                ]
            ],
            "colmap_im_id": 289
        },
        {
            "file_path": "images/frame_00288.png",
            "transform_matrix": [
                [
                    -0.17786168626491378,
                    0.27159096967981267,
                    -0.9458348512015089,
                    -3.47062838673609
                ],
                [
                    -0.9764303303237581,
                    -0.1681294789867246,
                    0.1353376825554849,
                    1.228460966368438
                ],
                [
                    -0.12226622830053305,
                    0.9476132246249162,
                    0.29509345288082944,
                    -0.41539529138602843
                ],
                [
                    0.0,
                    0.0,
                    0.0,
                    1.0
                ]
            ],
            "colmap_im_id": 288
        },
        {
            "file_path": "images/frame_00287.png",
            "transform_matrix": [
                [
                    -0.23961823080950076,
                    0.25168882786472957,
                    -0.9376757634661371,
                    -3.4122384225622224
                ],
                [
                    -0.9648219128196021,
                    -0.16934371514023047,
                    0.2011004293521744,
                    1.2265071726531103
                ],
                [
                    -0.10817476603556503,
                    0.9528774528083783,
                    0.283412737756382,
                    -0.4031912121625549
                ],
                [
                    0.0,
                    0.0,
                    0.0,
                    1.0
                ]
            ],
            "colmap_im_id": 287
        },
        {
            "file_path": "images/frame_00286.png",
            "transform_matrix": [
                [
                    -0.26164556255582405,
                    0.25612235528828836,
                    -0.9305605508060325,
                    -3.400870470205032
                ],
                [
                    -0.9597999146304592,
                    -0.17055467665168267,
                    0.22292426101168028,
                    1.145313019727611
                ],
                [
                    -0.10161556706632187,
                    0.9514790809018449,
                    0.29045108905970746,
                    -0.2387399128662482
                ],
                [
                    0.0,
                    0.0,
                    0.0,
                    1.0
                ]
            ],
            "colmap_im_id": 286
        },
        {
            "file_path": "images/frame_00285.png",
            "transform_matrix": [
                [
                    -0.26023420734168595,
                    0.2610985015453395,
                    -0.9295728749377441,
                    -3.3683449877005196
                ],
                [
                    -0.9600159804100007,
                    -0.1728555381188028,
                    0.22020508690555798,
                    1.118744342732568
                ],
                [
                    -0.10318660129430392,
                    0.9497097111393762,
                    0.29564165789159835,
                    0.0010312380931681848
                ],
                [
                    0.0,
                    0.0,
                    0.0,
                    1.0
                ]
            ],
            "colmap_im_id": 285
        },
        {
            "file_path": "images/frame_00284.png",
            "transform_matrix": [
                [
                    -0.25753829228940583,
                    0.268233904286748,
                    -0.9282912261762168,
                    -3.1783112349494185
                ],
                [
                    -0.9599031621724229,
                    -0.18110743622032524,
                    0.21397667115151534,
                    1.1389498315599906
                ],
                [
                    -0.11072464610934421,
                    0.9461768699015997,
                    0.30412067277179944,
                    0.2309264555287731
                ],
                [
                    0.0,
                    0.0,
                    0.0,
                    1.0
                ]
            ],
            "colmap_im_id": 284
        },
        {
            "file_path": "images/frame_00283.png",
            "transform_matrix": [
                [
                    -0.25813795564754866,
                    0.2659683309591903,
                    -0.9287764223864035,
                    -2.796040210324276
                ],
                [
                    -0.9591763328389598,
                    -0.18551024095498006,
                    0.2134636105345119,
                    1.1308479538384912
                ],
                [
                    -0.11552297769581917,
                    0.9459634228804028,
                    0.3029977626925377,
                    0.3261772999722438
                ],
                [
                    0.0,
                    0.0,
                    0.0,
                    1.0
                ]
            ],
            "colmap_im_id": 283
        },
        {
            "file_path": "images/frame_00282.png",
            "transform_matrix": [
                [
                    -0.21310127402534448,
                    0.22197678911150628,
                    -0.9514799798758354,
                    -2.371749374314273
                ],
                [
                    -0.9698315583509041,
                    -0.16605675596427408,
                    0.17847101228288603,
                    1.0832882409660138
                ],
                [
                    -0.11838325656709875,
                    0.9608077117167446,
                    0.25066700155824473,
                    0.2923443668086055
                ],
                [
                    0.0,
                    0.0,
                    0.0,
                    1.0
                ]
            ],
            "colmap_im_id": 282
        },
        {
            "file_path": "images/frame_00280.png",
            "transform_matrix": [
                [
                    -0.2698317116381792,
                    0.20301490868421074,
                    -0.9412628720216005,
                    -2.610970227632105
                ],
                [
                    -0.9559860031606453,
                    -0.17347607888209696,
                    0.23663645496124852,
                    1.0442234659750047
                ],
                [
                    -0.11524586394029507,
                    0.9636861506256246,
                    0.24088875842807805,
                    0.5405496227020258
                ],
                [
                    0.0,
                    0.0,
                    0.0,
                    1.0
                ]
            ],
            "colmap_im_id": 281
        },
        {
            "file_path": "images/frame_00281.png",
            "transform_matrix": [
                [
                    -0.19677354387378707,
                    0.1859618430230988,
                    -0.9626517362841056,
                    -2.512426248821534
                ],
                [
                    -0.9731487840905324,
                    -0.15663656730760084,
                    0.1686606943102322,
                    1.0062439852905862
                ],
                [
                    -0.11942200992475785,
                    0.9699913291991551,
                    0.21179047387450467,
                    0.4282764393267924
                ],
                [
                    0.0,
                    0.0,
                    0.0,
                    1.0
                ]
            ],
            "colmap_im_id": 280
        },
        {
            "file_path": "images/frame_00279.png",
            "transform_matrix": [
                [
                    -0.41244471380332753,
                    0.24662246205034724,
                    -0.876964491452143,
                    -2.4374380331123056
                ],
                [
                    -0.9049833211916574,
                    -0.22121995368732011,
                    0.363410127067886,
                    1.0869432718048488
                ],
                [
                    -0.10437694391295564,
                    0.9435248238932588,
                    0.3144302152729389,
                    0.6719805575863548
                ],
                [
                    0.0,
                    0.0,
                    0.0,
                    1.0
                ]
            ],
            "colmap_im_id": 279
        },
        {
            "file_path": "images/frame_00278.png",
            "transform_matrix": [
                [
                    -0.4432319598207819,
                    0.2552839101183921,
                    -0.8592878185032613,
                    -2.449983620596624
                ],
                [
                    -0.8914714663857735,
                    -0.22598401512479582,
                    0.3926956194409036,
                    1.1303355812990317
                ],
                [
                    -0.09393643815595597,
                    0.9400858206263623,
                    0.32774165960986934,
                    0.5669073076927981
                ],
                [
                    0.0,
                    0.0,
                    0.0,
                    1.0
                ]
            ],
            "colmap_im_id": 278
        },
        {
            "file_path": "images/frame_00277.png",
            "transform_matrix": [
                [
                    -0.31239393676511634,
                    0.1987563757073858,
                    -0.9289273014547785,
                    -2.2202366548490695
                ],
                [
                    -0.9407561118603471,
                    -0.20046692587715217,
                    0.27347934040209837,
                    1.26137205622866
                ],
                [
                    -0.13186343795683061,
                    0.9593273240896606,
                    0.24960592738389895,
                    0.2357355120944317
                ],
                [
                    0.0,
                    0.0,
                    0.0,
                    1.0
                ]
            ],
            "colmap_im_id": 277
        },
        {
            "file_path": "images/frame_00276.png",
            "transform_matrix": [
                [
                    -0.6399668953157962,
                    0.14584653776026488,
                    -0.7544343313524409,
                    -1.6365382853940547
                ],
                [
                    -0.7678203196847231,
                    -0.15958818952504822,
                    0.6204704396209113,
                    1.4703960238042162
                ],
                [
                    -0.02990534365477696,
                    0.9763505503595831,
                    0.21411509342741059,
                    0.14894402690881853
                ],
                [
                    0.0,
                    0.0,
                    0.0,
                    1.0
                ]
            ],
            "colmap_im_id": 276
        },
        {
            "file_path": "images/frame_00275.png",
            "transform_matrix": [
                [
                    -0.7254089865039731,
                    0.10536903570084138,
                    -0.6802052400671083,
                    -1.7582420537730612
                ],
                [
                    -0.6836857493502687,
                    -0.22475597002814926,
                    0.694304364145917,
                    1.7477386581172416
                ],
                [
                    -0.07972200721657188,
                    0.9687012543876364,
                    0.23507930856028222,
                    0.29886460213071575
                ],
                [
                    0.0,
                    0.0,
                    0.0,
                    1.0
                ]
            ],
            "colmap_im_id": 275
        },
        {
            "file_path": "images/frame_00274.png",
            "transform_matrix": [
                [
                    -0.7007800455623401,
                    0.03346799649158509,
                    -0.7125919035131423,
                    -1.7211603635859969
                ],
                [
                    -0.7077550234772937,
                    -0.15778197365048585,
                    0.688612863322791,
                    2.1794662772089106
                ],
                [
                    -0.08938766404991262,
                    0.9869066531348325,
                    0.13425760132634323,
                    0.3835812233754835
                ],
                [
                    0.0,
                    0.0,
                    0.0,
                    1.0
                ]
            ],
            "colmap_im_id": 274
        },
        {
            "file_path": "images/frame_00273.png",
            "transform_matrix": [
                [
                    -0.7816442564787466,
                    0.11089382424470841,
                    -0.6137872726427052,
                    -1.653947759952823
                ],
                [
                    -0.622064127774495,
                    -0.21035680324695058,
                    0.7541791804762843,
                    2.137625616471354
                ],
                [
                    -0.04548051505802866,
                    0.9713148691707068,
                    0.23340725712357138,
                    0.44477240347055513
                ],
                [
                    0.0,
                    0.0,
                    0.0,
                    1.0
                ]
            ],
            "colmap_im_id": 273
        },
        {
            "file_path": "images/frame_00272.png",
            "transform_matrix": [
                [
                    -0.8219977404476685,
                    0.2037244260877541,
                    -0.5318045439013687,
                    -1.73713097729456
                ],
                [
                    -0.5684605123133443,
                    -0.34966678486629166,
                    0.7447051668289408,
                    2.1612286358363932
                ],
                [
                    -0.034239752326465006,
                    0.9144558479098299,
                    0.4032345986942794,
                    0.516890557759611
                ],
                [
                    0.0,
                    0.0,
                    0.0,
                    1.0
                ]
            ],
            "colmap_im_id": 272
        },
        {
            "file_path": "images/frame_00271.png",
            "transform_matrix": [
                [
                    -0.8461822709746619,
                    0.2611847248355965,
                    -0.4644976897689772,
                    -1.6605481529918873
                ],
                [
                    -0.5319165380701527,
                    -0.4667338584719524,
                    0.7065580668871785,
                    2.1770050337358056
                ],
                [
                    -0.03225462471688393,
                    0.8449509126975585,
                    0.5338703909339192,
                    0.6982661827787118
                ],
                [
                    0.0,
                    0.0,
                    0.0,
                    1.0
                ]
            ],
            "colmap_im_id": 271
        },
        {
            "file_path": "images/frame_00270.png",
            "transform_matrix": [
                [
                    -0.8451144076138339,
                    0.3025668370075667,
                    -0.4407209402635121,
                    -1.5909267374708826
                ],
                [
                    -0.5340776427546222,
                    -0.5137932041459313,
                    0.6713997429870843,
                    2.0881823349069717
                ],
                [
                    -0.023296127428902125,
                    0.8027887969551479,
                    0.5958082224425261,
                    0.84235921084039
                ],
                [
                    0.0,
                    0.0,
                    0.0,
                    1.0
                ]
            ],
            "colmap_im_id": 270
        },
        {
            "file_path": "images/frame_00269.png",
            "transform_matrix": [
                [
                    -0.8389611027762905,
                    0.3370168852084981,
                    -0.4272749549327137,
                    -1.5353871267945634
                ],
                [
                    -0.544080072291769,
                    -0.5353411317140742,
                    0.6460547559070186,
                    1.9697959396409421
                ],
                [
                    -0.01100649641683908,
                    0.7744865988378729,
                    0.6324945574921335,
                    0.9433386348803641
                ],
                [
                    0.0,
                    0.0,
                    0.0,
                    1.0
                ]
            ],
            "colmap_im_id": 269
        },
        {
            "file_path": "images/frame_00268.png",
            "transform_matrix": [
                [
                    -0.8371235991058567,
                    0.35722100941344226,
                    -0.4142671001343197,
                    -1.4449214043246805
                ],
                [
                    -0.5469909105307357,
                    -0.5535766259823454,
                    0.6279760050851939,
                    1.8213265225740314
                ],
                [
                    -0.005002361123893242,
                    0.7522938718344341,
                    0.658808702722985,
                    1.042637234959831
                ],
                [
                    0.0,
                    0.0,
                    0.0,
                    1.0
                ]
            ],
            "colmap_im_id": 268
        },
        {
            "file_path": "images/frame_00267.png",
            "transform_matrix": [
                [
                    -0.8384411636865937,
                    0.3724028163143445,
                    -0.3979102379143002,
                    -1.3815107307185177
                ],
                [
                    -0.5449870415129446,
                    -0.5760695741792626,
                    0.6092068370331136,
                    1.7286186954828322
                ],
                [
                    -0.002353639487774575,
                    0.7276400127164996,
                    0.6859551532535447,
                    1.096789809267091
                ],
                [
                    0.0,
                    0.0,
                    0.0,
                    1.0
                ]
            ],
            "colmap_im_id": 267
        },
        {
            "file_path": "images/frame_00266.png",
            "transform_matrix": [
                [
                    -0.8288647342477495,
                    0.38740126216561394,
                    -0.4036130751015094,
                    -1.380363687369357
                ],
                [
                    -0.5594486624157425,
                    -0.5748245582331255,
                    0.5971548554381254,
                    1.7406079207155318
                ],
                [
                    -0.0006681628872839804,
                    0.7207613955565194,
                    0.6931829226357029,
                    0.9677926309262269
                ],
                [
                    0.0,
                    0.0,
                    0.0,
                    1.0
                ]
            ],
            "colmap_im_id": 266
        },
        {
            "file_path": "images/frame_00265.png",
            "transform_matrix": [
                [
                    -0.8064784918260577,
                    0.40069248530518825,
                    -0.4347849749495931,
                    -1.422430935001818
                ],
                [
                    -0.5912475787373583,
                    -0.5519109433302352,
                    0.5880651420289598,
                    1.7887633934863147
                ],
                [
                    -0.004329302389310089,
                    0.7313274525493225,
                    0.6820127669542121,
                    0.8503270194945929
                ],
                [
                    0.0,
                    0.0,
                    0.0,
                    1.0
                ]
            ],
            "colmap_im_id": 265
        },
        {
            "file_path": "images/frame_00264.png",
            "transform_matrix": [
                [
                    -0.7692184854581778,
                    0.41066235990309424,
                    -0.48955014838956895,
                    -1.4884065591800615
                ],
                [
                    -0.638690308874518,
                    -0.5174303823632764,
                    0.5695089891802996,
                    1.8277642435151589
                ],
                [
                    -0.019432214984405876,
                    0.7507477775965875,
                    0.6603030845411711,
                    0.6889458496425126
                ],
                [
                    0.0,
                    0.0,
                    0.0,
                    1.0
                ]
            ],
            "colmap_im_id": 264
        },
        {
            "file_path": "images/frame_00263.png",
            "transform_matrix": [
                [
                    -0.7603830324640105,
                    0.3980951878988258,
                    -0.5131645596810389,
                    -1.6095872749898392
                ],
                [
                    -0.6486332878247372,
                    -0.5056831218711735,
                    0.5688228530749234,
                    1.8695682341877764
                ],
                [
                    -0.03305301599714618,
                    0.765378861496986,
                    0.6427306562682925,
                    0.5576401231168032
                ],
                [
