{
    "w": 1080,
    "h": 1920,
    "fl_x": 1787.1656135439252,
    "fl_y": 1790.227927542668,
    "cx": 541.97828661829,
    "cy": 956.3066190005395,
    "k1": 0.0730917106751564,
    "k2": -0.1257939602811218,
    "p1": -0.00046158759296677384,
    "p2": 0.00048118757265073326,
    "camera_model": "OPENCV",
    "frames": [
        {
            "file_path": "images/frame_00002.png",
            "transform_matrix": [
                [
                    0.9999955775360457,
                    0.002345616748806436,
                    -0.001828384647176305,
                    0.3732296286777444
                ],
                [
                    -0.0018294712475805798,
                    0.0004611852503477252,
                    -0.9999982201699756,
                    -3.6092023419508363
                ],
                [
                    -0.0023447693499760807,
                    0.9999971426910343,
                    0.00046547444917236413,
                    -0.660176107325617
                ],
                [
                    0.0,
                    0.0,
                    0.0,
                    1.0
                ]
            ],
            "colmap_im_id": 1,
            "depth_file_path": "depth/frame_00002.png"
        },
        {
            "file_path": "images/frame_00012.png",
            "transform_matrix": [
                [
                    0.9871075676317617,
                    -0.0082711435943076,
                    0.1598444184441527,
                    1.0321520918217706
                ],
                [
                    0.15986150282453693,
                    0.0014430907094874208,
                    -0.987138398302834,
                    -3.4249287625028657
                ],
                [
                    0.007934093444597374,
                    0.9999647522152201,
                    0.002746723205177677,
                    -0.5609406754668204
                ],
                [
                    0.0,
                    0.0,
                    0.0,
                    1.0
                ]
            ],
            "colmap_im_id": 2,
            "depth_file_path": "depth/frame_00012.png"
        },
        {
            "file_path": "images/frame_00001.png",
            "transform_matrix": [
                [
                    0.9999922460613145,
                    0.003894672675675998,
                    -0.000582530683077231,
                    0.37488663978606085
                ],
                [
                    -0.0005872242151640284,
                    0.0012040810343802663,
                    -0.9999991026778892,
                    -3.6412598859127034
                ],
                [
                    -0.0038939677667526543,
                    0.9999916908222849,
                    0.001206358744115048,
                    -0.6617618277304251
                ],
                [
                    0.0,
                    0.0,
                    0.0,
                    1.0
                ]
            ],
            "colmap_im_id": 3,
            "depth_file_path": "depth/frame_00001.png"
        },
        {
            "file_path": "images/frame_00009.png",
            "transform_matrix": [
                [
                    0.9975048799729422,
                    -0.008959723218436586,
                    0.07002669341055003,
                    0.3000035922183885
                ],
                [
                    0.06998475725770867,
                    -0.004911817039658006,
                    -0.9975359681760596,
                    -3.4684728877946625
                ],
                [
                    0.009281604481217507,
                    0.9999477973440504,
                    -0.004272517412054569,
                    -0.6156827200019066
                ],
                [
                    0.0,
                    0.0,
                    0.0,
                    1.0
                ]
            ],
            "colmap_im_id": 4,
            "depth_file_path": "depth/frame_00009.png"
        },
        {
            "file_path": "images/frame_00003.png",
            "transform_matrix": [
                [
                    0.9999983925268606,
                    0.0004795709160721527,
                    -0.0017277023560331038,
                    0.3512011847320181
                ],
                [
                    -0.0017274568462778688,
                    -0.0005118792947782823,
                    -0.9999983769348988,
                    -3.5699748838714203
                ],
                [
                    -0.0004804545127609283,
                    0.9999997539956317,
                    -0.000511050033883821,
                    -0.6436438915738822
                ],
                [
                    0.0,
                    0.0,
                    0.0,
                    1.0
                ]
            ],
            "colmap_im_id": 5,
            "depth_file_path": "depth/frame_00003.png"
        },
        {
            "file_path": "images/frame_00014.png",
            "transform_matrix": [
                [
                    0.977638480285084,
                    -0.005598575920977944,
                    0.2102181196127695,
                    1.5602811152781133
                ],
                [
                    0.21026930345344452,
                    0.011126858296542601,
                    -0.9775801824145434,
                    -3.37499625092475
                ],
                [
                    0.0031339896417943605,
                    0.9999224214768392,
                    0.012055253494614646,
                    -0.5722493144031665
                ],
                [
                    0.0,
                    0.0,
                    0.0,
                    1.0
                ]
            ],
            "colmap_im_id": 6,
            "depth_file_path": "depth/frame_00014.png"
        },
        {
            "file_path": "images/frame_00005.png",
            "transform_matrix": [
                [
                    0.9999755464138759,
                    -0.0034048566651934025,
                    0.006108479791254858,
                    0.1577226770665531
                ],
                [
                    0.006100135685385428,
                    -0.0024556696831518334,
                    -0.9999783787817751,
                    -3.5471751073136844
                ],
                [
                    0.0034197834566779494,
                    0.9999911882799252,
                    -0.0024348395455747753,
                    -0.6244783863142771
                ],
                [
                    0.0,
                    0.0,
                    0.0,
                    1.0
                ]
            ],
            "colmap_im_id": 7,
            "depth_file_path": "depth/frame_00005.png"
        },
        {
            "file_path": "images/frame_00015.png",
            "transform_matrix": [
                [
                    0.9693578111186507,
                    -0.003365355026905185,
                    0.24563002342710644,
                    1.7703916535486668
                ],
                [
                    0.24564818066134084,
                    0.019592448532191855,
                    -0.969161032696985,
                    -3.309272973528376
                ],
                [
                    -0.0015509226386892412,
                    0.9998023856473118,
                    0.019818786363259077,
                    -0.5773930180965712
                ],
                [
                    0.0,
                    0.0,
                    0.0,
                    1.0
                ]
            ],
            "colmap_im_id": 8,
            "depth_file_path": "depth/frame_00015.png"
        },
        {
            "file_path": "images/frame_00019.png",
            "transform_matrix": [
                [
                    0.933860899856111,
                    0.010867718977768321,
                    0.35747127493569963,
                    2.3797749362021
                ],
                [
                    0.3565102862587086,
                    0.0509706727397753,
                    -0.932899998023469,
                    -2.551811363531088
                ],
                [
                    -0.028359046381497464,
                    0.9986410181865529,
                    0.043725064707294536,
                    -0.43514332505674425
                ],
                [
                    0.0,
                    0.0,
                    0.0,
                    1.0
                ]
            ],
            "colmap_im_id": 9,
            "depth_file_path": "depth/frame_00019.png"
        },
        {
            "file_path": "images/frame_00010.png",
            "transform_matrix": [
                [
                    0.9941376963600183,
                    -0.009248294680006442,
                    0.10772515825705632,
                    0.5535916726346539
                ],
                [
                    0.10769593340860067,
                    -0.003603380770650978,
                    -0.9941773491557089,
                    -3.4367723885468644
                ],
                [
                    0.009582619852958458,
                    0.9999507411330486,
                    -0.0025862529304418605,
                    -0.5991132158096122
                ],
                [
                    0.0,
                    0.0,
                    0.0,
                    1.0
                ]
            ],
            "colmap_im_id": 10,
            "depth_file_path": "depth/frame_00010.png"
        },
        {
            "file_path": "images/frame_00007.png",
            "transform_matrix": [
                [
                    0.9995342377045959,
                    -0.006921855458319378,
                    0.02972197122174995,
                    0.021671127490610557
                ],
                [
                    0.02968750938727507,
                    -0.0050293592853057345,
                    -0.9995465758690587,
                    -3.52682304864936
                ],
                [
                    0.007068199393965387,
                    0.9999633960611725,
                    -0.00482152415048438,
                    -0.6068914976044796
                ],
                [
                    0.0,
                    0.0,
                    0.0,
                    1.0
                ]
            ],
            "colmap_im_id": 11,
            "depth_file_path": "depth/frame_00007.png"
        },
        {
            "file_path": "images/frame_00008.png",
            "transform_matrix": [
                [
                    0.9987300311763421,
                    -0.008279218730232381,
                    0.049696874788258336,
                    0.13509932260485885
                ],
                [
                    0.049654021507125,
                    -0.005303681058942474,
                    -0.9987523963002016,
                    -3.5035879349934804
                ],
                [
                    0.008532465919816223,
                    0.9999516615839198,
                    -0.004885849044453841,
                    -0.6113621847783562
                ],
                [
                    0.0,
                    0.0,
                    0.0,
                    1.0
                ]
            ],
            "colmap_im_id": 12,
            "depth_file_path": "depth/frame_00008.png"
        },
        {
            "file_path": "images/frame_00004.png",
            "transform_matrix": [
                [
                    0.9999982574940129,
                    -0.001598263729071702,
                    0.0009646564103209915,
                    0.2688254579973513
                ],
                [
                    0.0009621920677132846,
                    -0.0015419394611854824,
                    -0.9999983483031974,
                    -3.5521022579964434
                ],
                [
                    0.0015997485310101705,
                    0.9999975339848345,
                    -0.001540398937664513,
                    -0.6334127702265747
                ],
                [
                    0.0,
                    0.0,
                    0.0,
                    1.0
                ]
            ],
            "colmap_im_id": 13,
            "depth_file_path": "depth/frame_00004.png"
        },
        {
            "file_path": "images/frame_00021.png",
            "transform_matrix": [
                [
                    0.9064514672292521,
                    0.017957187547080537,
                    0.4219280471518044,
                    2.7659014498129095
                ],
                [
                    0.41999859515058974,
                    0.06605515557293537,
                    -0.9051176147295812,
                    -2.081656598757586
                ],
                [
                    -0.044123889555062516,
                    0.9976543769450592,
                    0.05233379914451428,
                    -0.3512035988644957
                ],
                [
                    0.0,
                    0.0,
                    0.0,
                    1.0
                ]
            ],
            "colmap_im_id": 14,
            "depth_file_path": "depth/frame_00021.png"
        },
        {
            "file_path": "images/frame_00006.png",
            "transform_matrix": [
                [
                    0.9998344393169022,
                    -0.005572868241952614,
                    0.017321578894944935,
                    0.029475418786598206
                ],
                [
                    0.017299146212315715,
                    -0.004048674203241615,
                    -0.9998421614322537,
                    -3.542763543362494
                ],
                [
                    0.005642118058042444,
                    0.9999762754069487,
                    -0.0039515980394353774,
                    -0.6026089692366139
                ],
                [
                    0.0,
                    0.0,
                    0.0,
                    1.0
                ]
            ],
            "colmap_im_id": 15,
            "depth_file_path": "depth/frame_00006.png"
        },
        {
            "file_path": "images/frame_00011.png",
            "transform_matrix": [
                [
                    0.9902994625904898,
                    -0.008907664699318934,
                    0.1386637223739198,
                    0.7848689083628334
                ],
                [
                    0.1386568957623968,
                    -0.0013824217819815429,
                    -0.9903395145946426,
                    -3.4312110980918216
                ],
                [
                    0.009013304084675693,
                    0.9999593703844277,
                    -0.00013390241206986278,
                    -0.5734968732095174
                ],
                [
                    0.0,
                    0.0,
                    0.0,
                    1.0
                ]
            ],
            "colmap_im_id": 16,
            "depth_file_path": "depth/frame_00011.png"
        },
        {
            "file_path": "images/frame_00013.png",
            "transform_matrix": [
                [
                    0.9829617208330999,
                    -0.007186025441686785,
                    0.1836698571219091,
                    1.3018636369295413
                ],
                [
                    0.18371108156934818,
                    0.005567549943331676,
                    -0.9829645166008023,
                    -3.397861058516852
                ],
                [
                    0.006041016921957895,
                    0.9999586808593542,
                    0.006792840979198665,
                    -0.5662612003666502
                ],
                [
                    0.0,
                    0.0,
                    0.0,
                    1.0
                ]
            ],
            "colmap_im_id": 17,
            "depth_file_path": "depth/frame_00013.png"
        },
        {
            "file_path": "images/frame_00016.png",
            "transform_matrix": [
                [
                    0.9628887272774067,
                    -0.0012871270453877937,
                    0.2698956134991174,
                    1.900629990701269
                ],
                [
                    0.26983509330335437,
                    0.026296683413673312,
                    -0.9625474049954169,
                    -3.2029376564443117
                ],
                [
                    -0.005858438705487983,
                    0.999653353790908,
                    0.02566809207019427,
                    -0.566987831624119
                ],
                [
                    0.0,
                    0.0,
                    0.0,
                    1.0
                ]
            ],
            "colmap_im_id": 18,
            "depth_file_path": "depth/frame_00016.png"
        },
        {
            "file_path": "images/frame_00022.png",
            "transform_matrix": [
                [
                    0.8881246908150275,
                    0.01816101550867005,
                    0.45924362933023405,
                    2.930490380787382
                ],
                [
                    0.4568848874186213,
                    0.07361663688962576,
                    -0.88647435970903,
                    -1.819254660427205
                ],
                [
                    -0.04990724609899179,
                    0.9971212405162949,
                    0.057083259350354486,
                    -0.3532743274679238
                ],
                [
                    0.0,
                    0.0,
                    0.0,
                    1.0
                ]
            ],
            "colmap_im_id": 19,
            "depth_file_path": "depth/frame_00022.png"
        },
        {
            "file_path": "images/frame_00027.png",
            "transform_matrix": [
                [
                    0.8531711005755743,
                    -0.025836037215719844,
                    0.5209909522473987,
                    3.4111934892621307
                ],
                [
                    0.521010314176038,
                    0.09092189485305185,
                    -0.8486939740321695,
                    -1.4353612186182638
                ],
                [
                    -0.025442595481777033,
                    0.9955228315901742,
                    0.0910327749650209,
                    -0.3017304566269208
                ],
                [
                    0.0,
                    0.0,
                    0.0,
                    1.0
                ]
            ],
            "colmap_im_id": 20,
            "depth_file_path": "depth/frame_00027.png"
        },
        {
            "file_path": "images/frame_00017.png",
            "transform_matrix": [
                [
                    0.9556553556386753,
                    0.0021058968969614447,
                    0.29447989139731834,
                    2.051758847529667
                ],
                [
                    0.29423957690994074,
                    0.03418924579309222,
                    -0.9551199751088647,
                    -3.0293754009825533
                ],
                [
                    -0.012079429579913668,
                    0.9994131581434972,
                    0.03205349763543773,
                    -0.5393752634789046
                ],
                [
                    0.0,
                    0.0,
                    0.0,
                    1.0
                ]
            ],
            "colmap_im_id": 21,
            "depth_file_path": "depth/frame_00017.png"
        },
        {
            "file_path": "images/frame_00020.png",
            "transform_matrix": [
                [
                    0.9229359085358154,
                    0.014851983523249145,
                    0.3846670343564598,
                    2.5782327578539626
                ],
                [
                    0.3832578336704245,
                    0.05823972788345336,
                    -0.9218034318803086,
                    -2.3072292470335536
                ],
                [
                    -0.03609351278861609,
                    0.9981921421657688,
                    0.04805939713616438,
                    -0.37306649718702495
                ],
                [
                    0.0,
                    0.0,
                    0.0,
                    1.0
                ]
            ],
            "colmap_im_id": 22,
            "depth_file_path": "depth/frame_00020.png"
        },
        {
            "file_path": "images/frame_00023.png",
            "transform_matrix": [
                [
                    0.878111387178406,
                    0.016995782034081842,
                    0.47815430051466196,
                    3.11036238168122
                ],
                [
                    0.4756561452382347,
                    0.07695223604718641,
                    -0.8762588572245312,
                    -1.6892842427225345
                ],
                [
                    -0.051687747143003365,
                    0.9968899120566864,
                    0.059488486574234375,
                    -0.31605626212608573
                ],
                [
                    0.0,
                    0.0,
                    0.0,
                    1.0
                ]
            ],
            "colmap_im_id": 23,
            "depth_file_path": "depth/frame_00023.png"
        },
        {
            "file_path": "images/frame_00024.png",
            "transform_matrix": [
                [
                    0.8679676026202583,
                    0.012003741766726583,
                    0.4964757305097995,
                    3.247527376435227
                ],
                [
                    0.4940426436828835,
                    0.08086378378805553,
                    -0.8656690561030271,
                    -1.5676765005623137
                ],
                [
                    -0.050538173932868045,
                    0.9966528777137387,
                    0.06425678423680121,
                    -0.30880456915440524
                ],
                [
                    0.0,
                    0.0,
                    0.0,
                    1.0
                ]
            ],
            "colmap_im_id": 24,
            "depth_file_path": "depth/frame_00024.png"
        },
        {
            "file_path": "images/frame_00036.png",
            "transform_matrix": [
                [
                    0.9312051857495205,
                    -0.1661116847180734,
                    0.32444384758124856,
                    3.187695642546477
                ],
                [
                    0.35737417776520886,
                    0.24099706799142062,
                    -0.9023325940506525,
                    -1.4538340105805985
                ],
                [
                    0.07169797137884702,
                    0.9562046441111138,
                    0.28378174620735575,
                    0.8614335753600108
                ],
                [
                    0.0,
                    0.0,
                    0.0,
                    1.0
                ]
            ],
            "colmap_im_id": 25,
            "depth_file_path": "depth/frame_00036.png"
        },
        {
            "file_path": "images/frame_00031.png",
            "transform_matrix": [
                [
                    0.8821979218906455,
                    -0.10893578480538392,
                    0.4581045965722912,
                    3.374509263677928
                ],
                [
                    0.46964936949309977,
                    0.1333042331441251,
                    -0.8727310302496357,
                    -1.4936478760327982
                ],
                [
                    0.03400435775838722,
                    0.9850700361977782,
                    0.16876234010805782,
                    0.2770044569864385
                ],
                [
                    0.0,
                    0.0,
                    0.0,
                    1.0
                ]
            ],
            "colmap_im_id": 26,
            "depth_file_path": "depth/frame_00031.png"
        },
        {
            "file_path": "images/frame_00038.png",
            "transform_matrix": [
                [
                    0.950892816180259,
                    -0.16468903882719793,
                    0.2620694042175661,
                    2.9161045813178417
                ],
                [
                    0.29960150378916145,
                    0.2771076169574467,
                    -0.9129349963449963,
                    -1.2880637003118869
                ],
                [
                    0.07772895897958133,
                    0.9466197172647202,
                    0.312840725963887,
                    1.0784844186027231
                ],
                [
                    0.0,
                    0.0,
                    0.0,
                    1.0
                ]
            ],
            "colmap_im_id": 27,
            "depth_file_path": "depth/frame_00038.png"
        },
        {
            "file_path": "images/frame_00026.png",
            "transform_matrix": [
                [
                    0.8540137424356542,
                    -0.00947184504753293,
                    0.5201642162648669,
                    3.4028406826799777
                ],
                [
                    0.5189665515937056,
                    0.08570949274507567,
                    -0.85048668489302,
                    -1.4496220114664444
                ],
                [
                    -0.03652733302590497,
                    0.9962751462346018,
                    0.0781126554230317,
                    -0.3362958668888133
                ],
                [
                    0.0,
                    0.0,
                    0.0,
                    1.0
                ]
            ],
            "colmap_im_id": 28,
            "depth_file_path": "depth/frame_00026.png"
        },
        {
            "file_path": "images/frame_00025.png",
            "transform_matrix": [
                [
                    0.8594542124305808,
                    0.002783105777594903,
                    0.5112051555467341,
                    3.332921791175921
                ],
                [
                    0.5092184162867963,
                    0.08358235498848023,
                    -0.8565690832903945,
                    -1.4980697382626482
                ],
                [
                    -0.045111653147463064,
                    0.9964969865768838,
                    0.07041799836329198,
                    -0.316095974851444
                ],
                [
                    0.0,
                    0.0,
                    0.0,
                    1.0
                ]
            ],
            "colmap_im_id": 29,
            "depth_file_path": "depth/frame_00025.png"
        },
        {
            "file_path": "images/frame_00049.png",
            "transform_matrix": [
                [
                    0.9857045169942908,
                    0.08051675693491427,
                    -0.1479988413121382,
                    0.34930542123411595
                ],
                [
                    -0.1628442495861493,
                    0.2299352145985414,
                    -0.9594850428559303,
                    -1.4447253579704742
                ],
                [
                    -0.04322447864087477,
                    0.9698695009846463,
                    0.23975987050801037,
                    0.874642909063709
                ],
                [
                    0.0,
                    0.0,
                    0.0,
                    1.0
                ]
            ],
            "colmap_im_id": 30,
            "depth_file_path": "depth/frame_00049.png"
        },
        {
            "file_path": "images/frame_00034.png",
            "transform_matrix": [
                [
                    0.9105084432386374,
                    -0.15431363152136185,
                    0.38361657669845534,
                    3.317860591896801
                ],
                [
                    0.40866676983782624,
                    0.19453804443710662,
                    -0.89170982976353,
                    -1.519761117640689
                ],
                [
                    0.0629749634495307,
                    0.9686806761741847,
                    0.24019138532689846,
                    0.5738683431720022
                ],
                [
                    0.0,
                    0.0,
                    0.0,
                    1.0
                ]
            ],
            "colmap_im_id": 31,
            "depth_file_path": "depth/frame_00034.png"
        },
        {
            "file_path": "images/frame_00040.png",
            "transform_matrix": [
                [
                    0.9696266106915644,
                    -0.1459163336031591,
                    0.19629737498652672,
                    2.572256185457559
                ],
                [
                    0.2323971083563895,
                    0.29938734934141903,
                    -0.9253965631457184,
                    -1.0276227820713448
                ],
                [
                    0.07626152284329273,
                    0.9429080753934238,
                    0.324204474817192,
                    1.265896771040133
                ],
                [
                    0.0,
                    0.0,
                    0.0,
                    1.0
                ]
            ],
            "colmap_im_id": 32,
            "depth_file_path": "depth/frame_00040.png"
        },
        {
            "file_path": "images/frame_00030.png",
            "transform_matrix": [
                [
                    0.8751739352225623,
                    -0.08707358519557223,
                    0.47590836709207357,
                    3.3916231932076415
                ],
                [
                    0.48346095532044703,
                    0.12012287732117305,
                    -0.8670847703798765,
                    -1.48926659813785
                ],
                [
                    0.018332697229134443,
                    0.9889331044642361,
                    0.1472250899372558,
                    0.14996701276823923
                ],
                [
                    0.0,
                    0.0,
                    0.0,
                    1.0
                ]
            ],
            "colmap_im_id": 33,
            "depth_file_path": "depth/frame_00030.png"
        },
        {
            "file_path": "images/frame_00032.png",
            "transform_matrix": [
                [
                    0.8898398526835914,
                    -0.12647644634535968,
                    0.4383933679880357,
                    3.3513045191884356
                ],
                [
                    0.4539603251737669,
                    0.14879319424936424,
                    -0.8785104487216976,
                    -1.5049573011110196
                ],
                [
                    0.045880930070910785,
                    0.9807468041573832,
                    0.18981740276093725,
                    0.3941553600282803
                ],
                [
                    0.0,
                    0.0,
                    0.0,
                    1.0
                ]
            ],
            "colmap_im_id": 34,
            "depth_file_path": "depth/frame_00032.png"
        },
        {
            "file_path": "images/frame_00043.png",
            "transform_matrix": [
                [
                    0.9918714481755078,
                    -0.09180323934651637,
                    0.08810899806323617,
                    2.120771382318066
                ],
                [
                    0.11224145317550423,
                    0.3050489680636476,
                    -0.9456992033793592,
                    -1.000431485478769
                ],
                [
                    0.05994069138133306,
                    0.9479015203747645,
                    0.3128734907082059,
                    1.3621206912231627
                ],
                [
                    0.0,
                    0.0,
                    0.0,
                    1.0
                ]
            ],
            "colmap_im_id": 35,
            "depth_file_path": "depth/frame_00043.png"
        },
        {
            "file_path": "images/frame_00029.png",
            "transform_matrix": [
                [
                    0.865267742584826,
                    -0.06643181411818148,
                    0.4968888685763918,
                    3.379930259112625
                ],
                [
                    0.5013061185225492,
                    0.11075209090551376,
                    -0.8581527544044316,
                    -1.4861593528611954
                ],
                [
                    0.0019771631230901684,
                    0.9916253266395652,
                    0.12913288656636032,
                    0.005702233981916599
                ],
                [
                    0.0,
                    0.0,
                    0.0,
                    1.0
                ]
            ],
            "colmap_im_id": 36,
            "depth_file_path": "depth/frame_00029.png"
        },
        {
            "file_path": "images/frame_00018.png",
            "transform_matrix": [
                [
                    0.9449754598216865,
                    0.006030092402064751,
                    0.32708564370882226,
                    2.1927410738030986
                ],
                [
                    0.32655384643436497,
                    0.042500470151651204,
                    -0.9442225878551147,
                    -2.835205108665472
                ],
                [
                    -0.019595043090363463,
                    0.9990782491989859,
                    0.03819275145594559,
                    -0.4928639122611037
                ],
                [
                    0.0,
                    0.0,
                    0.0,
                    1.0
                ]
            ],
            "colmap_im_id": 37,
            "depth_file_path": "depth/frame_00018.png"
        },
        {
            "file_path": "images/frame_00048.png",
            "transform_matrix": [
                [
                    0.9921772877080914,
                    0.048823470896035025,
                    -0.1148934221175409,
                    0.5452981185233997
                ],
                [
                    -0.1234867765613496,
                    0.24885563186318488,
                    -0.9606361905031803,
                    -1.498389027534049
                ],
                [
                    -0.018309717930725708,
                    0.9673092283130762,
                    0.25293795889438636,
                    0.9335342244618449
                ],
                [
                    0.0,
                    0.0,
                    0.0,
                    1.0
                ]
            ],
            "colmap_im_id": 38,
            "depth_file_path": "depth/frame_00048.png"
        },
        {
            "file_path": "images/frame_00047.png",
            "transform_matrix": [
                [
                    0.9968270209415333,
                    0.015693988775912097,
                    -0.07803581893675157,
                    0.7871071046182404
                ],
                [
                    -0.07938888644317177,
                    0.2670904927611526,
                    -0.9603957899667811,
                    -1.452304659117605
                ],
                [
                    0.005770184584665168,
                    0.9635436510054468,
                    0.26748894851367716,
                    1.0394406470448834
                ],
                [
                    0.0,
                    0.0,
                    0.0,
                    1.0
                ]
            ],
            "colmap_im_id": 39,
            "depth_file_path": "depth/frame_00047.png"
        },
        {
            "file_path": "images/frame_00035.png",
            "transform_matrix": [
                [
                    0.921906941273652,
                    -0.1635920880881454,
                    0.35117690747886526,
                    3.2622660760637454
                ],
                [
                    0.3812472862606606,
                    0.22204096317411623,
                    -0.8974120109468072,
                    -1.4836866540988778
                ],
                [
                    0.06883384596505508,
                    0.961215605047937,
                    0.2670701448346255,
                    0.7123189859457841
                ],
                [
                    0.0,
                    0.0,
                    0.0,
                    1.0
                ]
            ],
            "colmap_im_id": 40,
            "depth_file_path": "depth/frame_00035.png"
        },
        {
            "file_path": "images/frame_00039.png",
            "transform_matrix": [
                [
                    0.9609684782206676,
                    -0.15652334891523886,
                    0.228122828999232,
                    2.7525900011051725
                ],
                [
                    0.26558481705660797,
                    0.29097418749427006,
                    -0.9191293310307629,
                    -1.163752792940737
                ],
                [
                    0.07748734616221235,
                    0.9438402743348091,
                    0.3211872471446052,
                    1.1923584026906255
                ],
                [
                    0.0,
                    0.0,
                    0.0,
                    1.0
                ]
            ],
            "colmap_im_id": 41,
            "depth_file_path": "depth/frame_00039.png"
        },
        {
            "file_path": "images/frame_00037.png",
            "transform_matrix": [
                [
                    0.9402353789963774,
                    -0.16614212404062725,
                    0.29724438884999554,
                    3.062695607656818
                ],
                [
                    0.3323441315352916,
                    0.25752987819970924,
                    -0.9073178825904931,
                    -1.3854989231243344
                ],
                [
                    0.0741944089375426,
                    0.9518798014737532,
                    0.2973550625577056,
                    0.9828822196261991
                ],
                [
                    0.0,
                    0.0,
                    0.0,
                    1.0
                ]
            ],
            "colmap_im_id": 42,
            "depth_file_path": "depth/frame_00037.png"
        },
        {
            "file_path": "images/frame_00028.png",
            "transform_matrix": [
